<?xml version="1.0"?>
<opencv_storage>
<Distortion type_id="opencv-matrix">
  <rows>5</rows>
  <cols>1</cols>
  <dt>f</dt>
  <data>
    6.17925584e-01 -4.10206127e+00 3.21635634e-01 -4.11675014e-02
    6.00084000e+01</data></Distortion>
</opencv_storage>
