<?xml version="1.0"?>
<opencv_storage>
<Distortion type_id="opencv-matrix">
  <rows>5</rows>
  <cols>1</cols>
  <dt>f</dt>
  <data>
    2.30740166e+00 -1.47035084e+01 2.51814127e-01 3.54012065e-02
    1.22126875e+01</data></Distortion>
</opencv_storage>
