<?xml version="1.0"?>
<opencv_storage>
<Distortion type_id="opencv-matrix">
  <rows>5</rows>
  <cols>1</cols>
  <dt>f</dt>
  <data>
    2.18205476e+00 -8.45601177e+00 3.37504953e-01 -8.48713815e-02
    1.30851393e+01</data></Distortion>
</opencv_storage>
